rawdata= [
0	0	
0.01	0	
0.09	0	
0.73	0	
1	0	
1	0	
1	4.333E-12	
1	2.094E-11	
1	6.218E-10	
1	3.538E-8	
1	2.229E-6	
1	0.0001419	
1	0.0006933	
1	0.002274	
1	0.006137	
1	0.01449	
1.01	0.0309	
1.01	0.06067	
1.01	0.1112	
1.02	0.1923	
1.02	0.316	
1.03	0.4968	
1.04	0.7505	
1.05	1.094	
1.06	1.542	
1.08	2.102	
1.1	2.694	
1.12	3.297	
1.14	3.884	
1.16	4.433	
1.19	4.936	
1.22	5.272	
1.25	5.469	
1.28	5.599	
1.3	5.662	
1.32	5.692	
1.34	5.706	
1.35	5.711	
1.36	5.712	
1.37	5.711	
1.38	5.71	
1.39	5.708	
1.4	5.705	
1.41	5.701	
1.43	5.696	
1.44	5.69	
1.46	5.683	
1.48	5.677	
1.5	5.671	
1.53	5.665	
1.56	5.66	
1.58	5.657	
1.61	5.655	
1.64	5.653	
1.66	5.652	
1.68	5.652	
1.7	5.652	
1.72	5.652	
1.73	5.652	
1.73	5.652	
1.74	5.652	
1.75	5.652	
1.76	5.652	
1.77	5.652	
1.79	5.652	
1.8	5.652	
1.82	5.652	
1.84	5.652	
1.86	5.652	
1.88	5.652	
1.91	5.652	
1.94	5.652	
1.97	5.652	
2	5.652	
2.03	5.652	
2.05	5.652	
2.07	5.652	
2.09	5.652	
2.11	5.652	
2.13	5.652	
2.15	5.652	
2.17	5.652	
2.19	5.652	
2.22	5.652	
2.26	5.652	
2.3	5.652	
2.36	5.652	
2.41	5.652	
2.47	5.652	
2.54	5.652	
2.63	5.652	
2.75	5.652	
2.87	5.652	
3.03	5.652	
3.2	5.652	
3.35	5.652	
3.53	5.652	
3.65	5.652	
3.78	5.652	
3.96	5.652	
4.08	5.652	
4.24	5.652	
4.42	5.652	
4.54	5.652	
4.71	5.652	
4.88	5.652	
5.03	5.652	
5.18	5.652	
5.32	5.652	
5.46	5.652	
5.65	5.652	
5.8	5.652	
5.95	5.652	
6.08	5.652	
6.24	5.652	
6.43	5.652	
6.55	5.652	
6.69	5.652	
6.87	5.652	
6.99	5.652	
7.15	5.652	
7.33	5.652	
7.43	5.652	
7.62	5.652	
7.79	5.652	
7.91	5.652	
8.09	5.652	
8.24	5.652	
8.42	5.652	
8.54	5.652	
8.67	5.652	
8.85	5.652	
8.97	5.652	
9.13	5.652	
9.31	5.652	
9.43	5.652	
9.59	5.652	
9.76	5.652	
9.88	5.652	
10	5.652	
	
	];
